_C_246d_54f2ba5c_c 84 0 40 0 0 0 0 0 
_C_246d_54f2ba5c_b 84 0 40 0 0 1 0 0 
_C_246d_54f2ba5c_3 8c 0 48 0 0 2e766364 0 66696c74 0 73 
_C_246d_54f2ba5c_16 cc 0 168 1 0 68696e67 0 65727974 0 68206576 0 20707573 0 646e2774 0 75206469 0 6420796f 0 2c20616e 0 73686564 0 66696e69 0 65737420 0 54 
_C_246d_54f2ba5c_9 94 0 40 0 0 0 0 0 
_C_246d_54f2ba5c_13 cc 0 168 1 0 74707574 0 79206f75 0 6720616e 0 6374696e 0 65787065 0 6e277420 0 20776173 0 656e2049 0 64207768 0 75736865 0 6f752070 0 59 
_C_246d_54f2ba5c_2 8c 0 198 0 0 2d0a0a0a 0 2d3d2d3d 0 2d3d2d3d 0 2d3d2d3d 0 2d3d2d3d 0 2d3d2d3d 0 2d3d2d3d 0 2d3d2d3d 0 2d3d2d3d 0 2d3d2d3d 0 2d3d2d3d 0 2d3d2d3d 0 3d2d3d 
_C_246d_54f2ba5c_15 cc 0 68 1 0 72726f72 0 74732065 0 6573756c 0 52 
_C_246d_54f2ba5c_12 cc 0 88 1 0 20275827 0 7320616e 0 75742069 0 7573686f 0 50 
_C_246d_54f2ba5c_d 80 0 1 0 1 
_C_246d_54f2ba5c_7 8c 0 140 0 0 290a0a0a 0 7079203a 0 20686170 0 61707079 0 742c2068 0 20746573 0 20746865 0 73736564 0 65207061 0 a0a0a57 
_C_246d_54f2ba5c_e 84 0 2 0 0 2 
_C_246d_54f2ba5c_11 84 0 2 0 0 3 
_C_246d_54f2ba5c_8 84 0 2 0 0 0 
_C_246d_54f2ba5c_f 84 0 2 0 0 1 
_C_246d_54f2ba5c_1 8c 0 198 0 0 3d2d3d2d 0 3d2d3d2d 0 3d2d3d2d 0 3d2d3d2d 0 3d2d3d2d 0 3d2d3d2d 0 522d3d2d 0 4552524f 0 3d2d3d2d 0 3d2d3d2d 0 3d2d3d2d 0 3d2d3d2d 0 a0a0a 
_C_246d_54f2ba5c_17 84 0 1f 0 0 0 
_C_246d_54f2ba5c_14 84 0 20 0 0 0 
_C_246d_54f2ba5c_5 84 0 20 0 0 1 
_C_246d_54f2ba5c_4 84 0 20 0 0 9 
_C_246d_54f2ba5c_a 94 0 20 0 0 0 
_C_246d_54f2ba5c_6 8c 0 b8 0 0 74202568 0 6820676f 0 6e672025 0 65637469 0 20457870 0 a0a0a 
_C_246d_54f2ba5c_18 84 0 3f 0 0 1 0 0 
_C_246d_54f2ba5c_10 84 0 3f 0 0 0 0 0 
