_C_5db6_54e8083e_9 8c 0 f8 0 0 70202568 0 68204578 0 63762025 0 2d205265 0 72202d2d 0 6572726f 0 67746820 0 4c656e 
_C_5db6_54e8083e_4 8c 0 110 0 0 25303468 0 696e6720 0 70656374 0 2c206578 0 62697473 0 20256420 0 74696e67 0 71756573 0 7265 
_C_5db6_54e8083e_2 8c 0 e0 0 0 72726f72 0 74682065 0 64207769 0 656e6465 0 3a2d2820 0 3a2d2820 0 3a2d2820 
_C_5db6_54e8083e_10 cc 0 158 1 0 68696e67 0 616e7974 0 696e6720 0 70656374 0 74206578 0 6d206e6f 0 20492061 0 20616e64 0 6865642c 0 20707573 0 596f75 
_C_5db6_54e8083e_f cc 0 88 1 0 686f7574 0 20707573 0 5a206f6e 0 206f7220 0 58 
_C_5db6_54e8083e_b cc 0 1b0 1 0 6f636b73 0 3020636c 0 696e2032 0 77697468 0 65737420 0 72657175 0 61737420 0 6865206c 0 75742074 0 7368206f 0 74207075 0 64206e6f 0 75206469 0 596f 
_C_5db6_54e8083e_5 8c 0 40 0 0 2e766364 0 62697473 
_C_5db6_54e8083e_a 8c 0 e8 0 0 70202568 0 68204578 0 63762025 0 2d205265 0 72202d2d 0 6572726f 0 61746120 0 44 
_C_5db6_54e8083e_c cc 0 b8 1 0 686f7574 0 20707573 0 65206f6e 0 2074696d 0 686f6c64 0 4e6f20 
_C_5db6_54e8083e_8 8c 0 a8 0 0 6d696c65 0 20612073 0 77697468 0 6f6e6520 0 6c6c2064 0 61 
_C_5db6_54e8083e_e cc 0 b8 1 0 616f7574 0 20646174 0 65206f6e 0 2074696d 0 686f6c64 0 6e6f20 
_C_5db6_54e8083e_11 cc 0 c0 1 0 72726f72 0 696e2065 0 76656420 0 65636569 0 74682072 0 6c656e67 
_C_5db6_54e8083e_12 cc 0 98 1 0 72726f72 0 65642065 0 63656976 0 61207265 0 446174 
_C_5db6_54e8083e_7 84 0 20 0 0 1 
_C_5db6_54e8083e_6 84 0 20 0 0 9 
_C_5db6_54e8083e_d cc 0 b0 1 0 6e6f7574 0 6e206c65 0 6d65206f 0 64207469 0 20686f6c 0 4e6f 
_C_5db6_54e8083e_3 8c 0 60 0 0 25303868 0 696e6720 0 50757368 
