_C_6273_54d965ca_3 8c 0 e8 0 0 696e6773 0 67207468 0 6978696e 0 65722066 0 20616674 0 6761696e 0 72792061 0 54 
_C_6273_54d965ca_35 cc 0 c8 1 0 6f636b73 0 3820636c 0 696e2034 0 636c6520 0 74206379 0 69646e27 0 64 
_C_6273_54d965ca_3c cc 0 20 1 0 6e6f6e65 
_C_6273_54d965ca_23 cc 0 98 1 0 72726f72 0 61642065 0 72207265 0 69737465 0 526567 
_C_6273_54d965ca_39 cc 0 60 1 0 65742033 0 27742067 0 4469646e 
_C_6273_54d965ca_32 cc 0 c8 1 0 72612920 0 20286f63 0 7365656e 0 75707420 0 74657272 0 6f20696e 0 4e 
_C_6273_54d965ca_2d cc 0 28 1 0 65737431 0 74 
_C_6273_54d965ca_2e cc 0 28 1 0 65737432 0 74 
_C_6273_54d965ca_11 8c 0 60 0 0 245f3139 0 6d656424 0 756e6e61 
_C_6273_54d965ca_2f cc 0 28 1 0 65737433 0 74 
_C_6273_54d965ca_10 8c 0 60 0 0 245f3138 0 6d656424 0 756e6e61 
_C_6273_54d965ca_30 cc 0 28 1 0 65737434 0 74 
_C_6273_54d965ca_31 cc 0 28 1 0 65737435 0 74 
_C_6273_54d965ca_1b 8c 0 60 0 0 245f3239 0 6d656424 0 756e6e61 
_C_6273_54d965ca_1a 8c 0 60 0 0 245f3238 0 6d656424 0 756e6e61 
_C_6273_54d965ca_4 8c 0 180 0 0 64202568 0 65637465 0 20657870 0 2025682c 0 20676f74 0 202d2d2d 0 73202568 0 64726573 0 67206164 0 6164696e 0 72207265 0 4572726f 
_C_6273_54d965ca_24 84 0 8 0 0 77 
_C_6273_54d965ca_9 8c 0 60 0 0 245f3131 0 6d656424 0 756e6e61 
_C_6273_54d965ca_8 8c 0 60 0 0 245f3130 0 6d656424 0 756e6e61 
_C_6273_54d965ca_b 8c 0 60 0 0 245f3133 0 6d656424 0 756e6e61 
_C_6273_54d965ca_a 8c 0 60 0 0 245f3132 0 6d656424 0 756e6e61 
_C_6273_54d965ca_13 8c 0 60 0 0 245f3231 0 6d656424 0 756e6e61 
_C_6273_54d965ca_d 8c 0 60 0 0 245f3135 0 6d656424 0 756e6e61 
_C_6273_54d965ca_12 8c 0 60 0 0 245f3230 0 6d656424 0 756e6e61 
_C_6273_54d965ca_c 8c 0 60 0 0 245f3134 0 6d656424 0 756e6e61 
_C_6273_54d965ca_15 8c 0 60 0 0 245f3233 0 6d656424 0 756e6e61 
_C_6273_54d965ca_f 8c 0 60 0 0 245f3137 0 6d656424 0 756e6e61 
_C_6273_54d965ca_14 8c 0 60 0 0 245f3232 0 6d656424 0 756e6e61 
_C_6273_54d965ca_e 8c 0 60 0 0 245f3136 0 6d656424 0 756e6e61 
_C_6273_54d965ca_34 cc 0 90 1 0 69676874 0 6e672072 0 756e7469 0 7420636f 0 4e6f 
_C_6273_54d965ca_17 8c 0 60 0 0 245f3235 0 6d656424 0 756e6e61 
_C_6273_54d965ca_16 8c 0 60 0 0 245f3234 0 6d656424 0 756e6e61 
_C_6273_54d965ca_19 8c 0 60 0 0 245f3237 0 6d656424 0 756e6e61 
_C_6273_54d965ca_18 8c 0 60 0 0 245f3236 0 6d656424 0 756e6e61 
_C_6273_54d965ca_36 cc 0 e0 1 0 636c6573 0 38206379 0 20696e20 0 6d656e74 0 6e637265 0 27742069 0 4469646e 
_C_6273_54d965ca_38 cc 0 a0 1 0 7a65726f 0 20746f20 0 79636c65 0 27742063 0 4469646e 
_C_6273_54d965ca_5 8c 0 58 0 0 24245f38 0 616d6564 0 756e6e 
_C_6273_54d965ca_7 8c 0 58 0 0 24245f39 0 616d6564 0 756e6e 
_C_6273_54d965ca_1d 8c 0 60 0 0 245f3331 0 6d656424 0 756e6e61 
_C_6273_54d965ca_1c 8c 0 60 0 0 245f3330 0 6d656424 0 756e6e61 
_C_6273_54d965ca_1f 8c 0 60 0 0 245f3333 0 6d656424 0 756e6e61 
_C_6273_54d965ca_1e 8c 0 60 0 0 245f3332 0 6d656424 0 756e6e61 
_C_6273_54d965ca_33 cc 0 a0 1 0 72617465 0 75707420 0 74657272 0 6720696e 0 57726f6e 
_C_6273_54d965ca_2c 84 0 8 0 0 4 
_C_6273_54d965ca_2 8c 0 30 0 0 3a202573 0 2573 
_C_6273_54d965ca_27 84 0 8 0 0 5 
_C_6273_54d965ca_26 84 0 8 0 0 7 
_C_6273_54d965ca_28 84 0 8 0 0 0 
_C_6273_54d965ca_25 84 0 8 0 0 2 
_C_6273_54d965ca_3a cc 0 48 1 0 72726f72 0 6e632065 0 49 
_C_6273_54d965ca_2b 84 0 8 0 0 18 
_C_6273_54d965ca_29 84 0 8 0 0 15 
_C_6273_54d965ca_2a 84 0 8 0 0 16 
_C_6273_54d965ca_20 8c 0 30 0 0 2e766364 0 7463 
_C_6273_54d965ca_3b cc 0 c0 1 0 656e6365 0 73657175 0 75707420 0 74657272 0 6720696e 0 57726f6e 
_C_6273_54d965ca_22 84 0 20 0 0 1 
_C_6273_54d965ca_21 84 0 20 0 0 9 
_C_6273_54d965ca_37 cc 0 88 1 0 69676874 0 61702072 0 74207772 0 69646e27 0 44 
_C_6273_54d965ca_6 94 0 20 0 0 3 
